[80000, 10000, 0, 0, 0, 0]
[80000, 10000, 0, 0, -0.9607843137254902, 0.006357026500854225]
[80000, 10000, 0, 0, -0.9607843137254902, 0.006357026500854225]
[80000, 10000, 0, 0, -0.9607843137254902, 0.006357026500854225]
[80000, 10000, 0, 0, -0.9607843137254902, 0.006357026500854225]
[80000, 10000, 0, 0, -0.9607843137254902, 0.006357026500854225]
[80000, 10000, 0, 0, -0.9607843137254902, 0.006357026500854225]
[80000, 10000, 0, 0, -0.9607843137254902, 0.006357026500854225]
[80000, 10000, 0, 0, -0.9607843137254902, 0.006357026500854225]
[80000, 10000, 0, 0, -0.9607843137254902, 0.006357026500854225]
[80000, 10000, 0, 0, -0.9607843137254902, 0.006357026500854225]
[80000, 10000, 0, 0, -0.9607843137254902, 0.006357026500854225]
[80000, 10000, 0, 0, -0.9607843137254902, 0.006357026500854225]
[80000, 10000, 0, 0, -0.9607843137254902, 0.006357026500854225]
[80000, 10000, 0, 0, -0.9607843137254902, 0.006357026500854225]
[80000, 10000, 0, 0, -0.9607843137254902, 0.006357026500854225]
[80000, 10000, 0, 0, -0.9607843137254902, 0.006357026500854225]
[80000, 10000, 0, 0, -0.9607843137254902, 0.006357026500854225]
[80000, 10000, 0, 0, -0.9607843137254902, 0.006357026500854225]
[80000, 10000, 0, 0, -0.9607843137254902, 0.006357026500854225]
[80000, 10000, 0, 0, -0.9607843137254902, 0.006357026500854225]
[80000, 10000, 0, 0, -0.9607843137254902, 0.006357026500854225]
[80000, 10000, 0, 0, -0.9607843137254902, 0.006357026500854225]
[80000, 10000, 0, 0, -0.9607843137254902, 0.006357026500854225]
[80000, 10000, 0, 0, -0.9607843137254902, 0.006357026500854225]
[80000, 10000, 0, 0, -0.9607843137254902, 0.006357026500854225]
[80000, 10000, 0, 0, -0.9607843137254902, 0.006357026500854225]
[80000, 10000, 0, 0, -0.9607843137254902, 0.006357026500854225]
[80000, 10000, 0, 0, -0.9607843137254902, 0.006357026500854225]
[80000, 10000, 0, 0, -0.9607843137254902, 0.006357026500854225]
[80000, 10000, 0, 0, -0.9607843137254902, 0.006357026500854225]
[80000, 10000, 0, 0, -0.9607843137254902, 0.006357026500854225]
[80000, 10000, 0, 0, -0.9607843137254902, 0.006357026500854225]
[80000, 10000, 0, 0, -0.9607843137254902, 0.006357026500854225]
[80000, 10000, 0, 0, -0.9607843137254902, 0.006357026500854225]
[80000, 10000, 0, 0, -0.9607843137254902, 0.006357026500854225]
[80000, 10000, 0, 0, -0.9607843137254902, 0.006357026500854225]
[80000, 10000, 0, 0, -0.9607843137254902, 0.006357026500854225]
[80000, 10000, 0, 0, -0.9607843137254902, 0.006357026500854225]
[80000, 10000, 0, 0, -0.9607843137254902, 0.006357026500854225]
[80000, 10000, 0, 0, -0.9607843137254902, 0.006357026500854225]
[80000, 10000, 0, 0, -0.9607843137254902, 0.006357026500854225]
[80000, 10000, 0, 0, -0.9607843137254902, 0.006357026500854225]
[80000, 10000, 0, 0, -0.9607843137254902, 0.006357026500854225]
[80000, 10000, 0, 0, -0.9607843137254902, 0.006357026500854225]
[80000, 10000, 0, 0, -0.9607843137254902, 0.006357026500854225]
[80000, 10000, 0, 0, -0.9607843137254902, 0.006357026500854225]
[80000, 10000, 0, 0, -0.9607843137254902, 0.006357026500854225]
[80000, 10000, 0, 0, -0.9607843137254902, 0.006357026500854225]
[80000, 10000, 0, 0, -0.9607843137254902, 0.006357026500854225]
[80000, 10000, 0, 0, -0.9607843137254902, 0.006357026500854225]
[80000, 10000, 0, 0, -0.9607843137254902, 0.006357026500854225]
[80000, 10000, 0, 0, -0.9607843137254902, 0.006357026500854225]
[80000, 10000, 0, 0, -0.9607843137254902, 0.006357026500854225]
[80000, 10000, 0, 0, -0.9607843137254902, 0.006357026500854225]
[80000, 10000, 0, 0, -0.9607843137254902, 0.006357026500854225]
[80000, 10000, 0, 0, -0.9607843137254902, 0.006357026500854225]
[80000, 10000, 0, 0, -0.9607843137254902, 0.006357026500854225]
[80000, 10000, 0, 0, -0.9607843137254902, 0.006357026500854225]
[80000, 10000, 0, 0, -0.9607843137254902, 0.006357026500854225]
[80000, 10000, 0, 0, -0.9607843137254902, 0.006357026500854225]
[80000, 10000, 0, 0, -0.9607843137254902, 0.006357026500854225]
[80000, 10000, 0, 0, -0.9607843137254902, 0.006357026500854225]
[80000, 10000, 0, 0, -0.9607843137254902, 0.006357026500854225]
[80000, 10000, 0, 0, -0.9607843137254902, 0.006357026500854225]
[80000, 10000, 0, 0, -0.9607843137254902, 0.006357026500854225]
[80000, 10000, 0, 0, -0.9607843137254902, 0.006357026500854225]
[80000, 10000, 0, 0, -0.9607843137254902, 0.006357026500854225]
[80000, 10000, 0, 0, -0.9607843137254902, 0.006357026500854225]
[80000, 10000, 0, 0, -0.9607843137254902, 0.006357026500854225]
[80000, 10000, 0, 0, -0.9607843137254902, 0.006357026500854225]
[80000, 10000, 0, 0, -0.9607843137254902, 0.006357026500854225]
[80000, 10000, 0, 0, -0.9607843137254902, 0.006357026500854225]
[80000, 10000, 0, 0, -0.9607843137254902, 0.006357026500854225]
[80000, 10000, 0, 0, -0.9607843137254902, 0.006357026500854225]
[80000, 10000, 0, 0, -0.9607843137254902, 0.006357026500854225]
[80000, 10000, 0, 0, -0.9607843137254902, 0.006357026500854225]
[80000, 10000, 0, 0, -0.9607843137254902, 0.006357026500854225]
[80000, 10000, 0, 0, -0.9607843137254902, 0.006357026500854225]
[80000, 10000, 0, 0, -0.9607843137254902, 0.006357026500854225]
[80000, 10000, 0, 0, -0.9607843137254902, 0.006357026500854225]
[80000, 10000, 0, 0, -0.9607843137254902, 0.006357026500854225]
[80000, 10000, 0, 0, -0.9607843137254902, 0.006357026500854225]
[80000, 10000, 0, 0, -0.9607843137254902, 0.006357026500854225]
[80000, 10000, 0, 0, -0.9607843137254902, 0.006357026500854225]
[80000, 10000, 0, 0, -0.9607843137254902, 0.006357026500854225]
[80000, 10000, 0, 0, -0.9607843137254902, 0.006357026500854225]
[80000, 10000, 0, 0, -0.9607843137254902, 0.006357026500854225]
[80000, 10000, 0, 0, -0.9607843137254902, 0.006357026500854225]
[80000, 10000, 0, 0, -0.9607843137254902, 0.006357026500854225]
[80000, 10000, 0, 0, -0.9607843137254902, 0.006357026500854225]
[80000, 10000, 0, 0, -0.9607843137254902, 0.006357026500854225]
[80000, 10000, 0, 0, -0.9607843137254902, 0.006357026500854225]
[80000, 10000, 0, 0, -0.9607843137254902, 0.006357026500854225]
[80000, 10000, 0, 0, -0.9607843137254902, 0.006357026500854225]
[80000, 10000, 0, 0, -0.9607843137254902, 0.006357026500854225]
[80000, 10000, 0, 0, -0.9607843137254902, 0.006357026500854225]
[80000, 10000, 0, 0, -0.9607843137254902, 0.006357026500854225]
[80000, 10000, 0, 0, -0.9607843137254902, 0.006357026500854225]
[80000, 10000, 0, 0, -0.9607843137254902, 0.006357026500854225]
[80000, 10000, 0, 0, -0.9607843137254902, 0.006357026500854225]
[80000, 10000, 0, 0, -0.9607843137254902, 0.006357026500854225]
[80000, 10000, 0, 0, -0.9607843137254902, 0.006357026500854225]
[80000, 10000, 0, 0, -0.9607843137254902, 0.006357026500854225]
[80000, 10000, 0, 0, -0.9607843137254902, 0.006357026500854225]
[80000, 10000, 0, 0, -0.9607843137254902, 0.006357026500854225]
[80000, 10000, 0, 0, -0.9607843137254902, 0.006357026500854225]
[80000, 10000, 0, 0, -0.9607843137254902, 0.006357026500854225]
[80000, 10000, 0, 0, -0.9607843137254902, 0.006357026500854225]
[80000, 10000, 0, 0, -0.9607843137254902, 0.006357026500854225]
[80000, 10000, 0, 0, -0.9607843137254902, 0.006357026500854225]
[80000, 10000, 0, 0, -0.9607843137254902, 0.006357026500854225]
[80000, 10000, 0, 0, -0.9607843137254902, 0.006357026500854225]
[80000, 10000, 0, 0, -0.9607843137254902, 0.006357026500854225]
[80000, 10000, 0, 0, -0.9607843137254902, 0.006357026500854225]
[80000, 10000, 0, 0, -0.9607843137254902, 0.006357026500854225]
[80000, 10000, 0, 0, -0.9607843137254902, 0.006357026500854225]
[80000, 10000, 0, 0, -0.9607843137254902, 0.006357026500854225]
[80000, 10000, 0, 0, -0.9607843137254902, 0.006357026500854225]
[80000, 10000, 0, 0, -0.9607843137254902, 0.006357026500854225]
[80000, 10000, 0, 0, -0.9607843137254902, 0.006357026500854225]
[80000, 10000, 0, 0, -0.9607843137254902, 0.006357026500854225]
[80000, 10000, 0, 0, -0.9607843137254902, 0.006357026500854225]
[80000, 10000, 0, 0, -0.9607843137254902, 0.006357026500854225]
[80000, 10000, 0, 0, -0.9607843137254902, 0.006357026500854225]
[80000, 10000, 0, 0, -0.9607843137254902, 0.006357026500854225]
[80000, 10000, 0, 0, -0.9607843137254902, 0.006357026500854225]
[80000, -1, 0, -2, -0.9607843137254902, 0.006357026500854225]
[80000, 10000, 0, 0, -0.960784313725490